4294967278,54
4294967278,53
4294967279,55
4294967279,54
4294967279,53
4294967279,52
4294967279,46
4294967279,40
4294967279,35
4294967279,30
4294967279,15
2,4
4294967294,438
4294967294,168
4294967294,82
4294967294,162
4294967294,7
4294967294,6
4294967294,5
4294967294,22
4294967294,17
4294967294,42
4294967294,99
4294967294,76
4294967294,41
4294967294,120
4294967294,43
4294967294,52
4294967294,470
4294967294,81
4294967294,971
4294967294,1355
4294967294,104
4294967294,106
4294967294,166
4294967294,24
4294967294,184
4294967294,384
4294967294,26
4294967294,188
4294967294,185
4294967294,1354
4294967294,83
4294967294,67
4294967294,68
4294967293,131
4294967293,130
4294967293,129
4294967293,128
4294967293,127
4294967293,126
4294967293,125
4294967293,124
4294967293,123
4294967293,122
4294967293,121
4294967293,120
4294967293,119
4294967293,118
4294967293,117
4294967293,116
4294967293,115
4294967293,114
4294967293,113
4294967293,112
4294967293,111
4294967293,110
4294967293,109
4294967293,108
4294967293,107
4294967293,106
4294967293,105
4294967293,104
4294967293,103
4294967293,102
4294967293,101
4294967293,100
4294967293,99
4294967293,98
4294967293,97
4294967293,96
4294967293,95
4294967293,94
4294967293,93
4294967293,92
4294967293,91
4294967293,90
4294967293,89
4294967293,87
4294967293,86
4294967293,85
4294967293,84
4294967293,83
4294967293,82
4294967293,81
4294967293,80
4294967293,79
4294967293,78
4294967293,77
4294967293,76
4294967293,75
4294967293,74
4294967293,73
4294967293,72
4294967293,71
4294967293,70
4294967293,69
4294967293,68
4294967293,67
4294967293,66
4294967293,65
4294967293,64
4294967293,63
4294967293,62
4294967293,61
4294967293,60
4294967293,59
4294967293,58
4294967293,57
4294967293,56
4294967293,55
4294967293,54
4294967293,53
4294967293,52
4294967293,51
4294967293,50
4294967293,49
4294967293,48
4294967293,47
4294967293,46
4294967293,45
4294967293,44
4294967293,43
4294967293,42
4294967293,41
4294967293,40
4294967293,39
4294967293,38
4294967293,37
4294967293,36
4294967293,35
4294967293,34
4294967293,33
4294967293,32
4294967293,31
4294967293,30
4294967293,29
4294967293,28
4294967293,27
4294967293,26
4294967293,25
4294967293,24
4294967293,23
4294967293,22
4294967293,21
4294967293,20
4294967293,19
4294967293,18
4294967293,17
4294967293,16
4294967293,15
4294967293,14
4294967293,13
4294967293,12
4294967293,11
4294967293,10
4294967293,9
4294967293,8
4294967293,7
4294967293,6
4294967293,5
4294967293,4
4294967293,3
4294967278,132
4294967278,131
4294967278,130
4294967278,256
4294967278,129
4294967278,128
4294967278,127
4294967278,125
4294967278,555
4294967278,123
4294967278,547
4294967278,122
4294967278,568
4294967278,243
4294967278,117
4294967278,227
4294967278,108
4294967278,567
4294967278,553
4294967278,92
4294967278,546
4294967278,91
4294967278,552
4294967278,86
4294967278,566
4294967278,85
4294967278,545
4294967278,82
4294967278,544
4294967278,543
4294967278,75
4294967278,565
4294967278,542
4294967278,65
4294967278,564
4294967278,64
4294967278,305
4294967278,52
4294967278,50
4294967278,540
4294967278,49
4294967278,563
4294967278,48
4294967278,47
4294967278,570
4294967278,46
4294967278,551
4294967278,45
4294967278,539
4294967278,44
4294967278,0
4294967278,562
4294967278,43
4294967278,42
4294967278,550
4294967278,40
4294967278,538
4294967278,39
4294967278,561
4294967278,38
4294967278,549
4294967278,35
4294967278,297
4294967278,34
4294967278,560
4294967278,33
4294967278,548
4294967278,30
4294967278,537
4294967278,29
4294967278,28
4294967278,536
4294967278,24
4294967278,275
4294967278,23
4294967278,20
4294967278,19
4294967278,559
4294967278,18
4294967278,280
4294967278,14
4294967278,286
4294967278,13
4294967278,262
4294967278,9
4294967278,278
4294967278,8
4294967278,6
4294967278,541
4294967278,174
4294967278,569
4294967279,361
4294967279,359
4294967279,2
4294967279,102
4294967279,356
4294967279,350
4294967279,91
4294967279,90
4294967279,89
4294967279,87
4294967279,355
4294967279,349
4294967279,85
4294967279,348
4294967279,84
4294967279,346
4294967279,345
4294967279,82
4294967279,344
4294967279,81
4294967279,367
4294967279,80
4294967279,79
4294967279,78
4294967279,343
4294967279,366
4294967279,342
4294967279,341
4294967279,340
4294967279,354
4294967279,365
4294967279,51
4294967279,50
4294967279,339
4294967279,48
4294967279,47
4294967279,338
4294967279,44
4294967279,43
4294967279,41
4294967279,347
4294967279,353
4294967279,337
4294967279,39
4294967279,38
4294967279,37
4294967279,36
4294967279,34
4294967279,33
4294967279,32
4294967279,31
4294967279,352
4294967279,29
4294967279,28
4294967279,27
4294967279,26
4294967279,278
4294967279,25
4294967279,277
4294967279,24
4294967279,23
4294967279,22
4294967279,21
4294967279,289
4294967279,20
4294967279,336
4294967279,19
4294967279,364
4294967279,18
4294967279,17
4294967279,16
4294967279,335
4294967279,287
4294967279,14
4294967279,268
4294967279,13
4294967279,9
4294967279,7
4294967279,88
4294967279,4
4294967294,12
4294967294,11
4294967294,511
4294967294,517
4294967294,510
4294967294,907
4294967294,1155
4294967294,1590
4294967294,295
4294967294,294
4294967294,293
4294967294,291
4294967294,290
4294967294,671
4294967294,288
4294967294,286
4294967294,425
4294967294,284
4294967294,283
4294967294,282
4294967294,281
4294967294,278
4294967294,277
4294967294,276
4294967294,272
4294967294,271
4294967294,267
4294967294,266
4294967294,265
4294967294,264
4294967294,263
4294967294,261
4294967294,259
4294967294,258
4294967294,256
4294967294,253
4294967294,251
4294967294,250
4294967294,667
4294967294,249
4294967294,248
4294967294,247
4294967294,413
4294967294,244
4294967294,242
4294967294,239
4294967294,234
4294967294,231
4294967294,229
4294967294,226
4294967294,224
4294967294,222
4294967294,221
4294967294,219
4294967294,218
4294967294,216
4294967294,214
4294967294,664
4294967294,209
4294967294,206
4294967294,204
4294967294,203
4294967294,202
4294967294,201
4294967294,200
4294967294,197
4294967294,196
4294967294,195
4294967294,193
4294967294,831
4294967294,828
4294967294,826
4294967294,825
4294967294,823
4294967294,822
4294967294,821
4294967294,819
4294967294,817
4294967294,816
4294967294,815
4294967294,813
4294967294,812
4294967294,810
4294967294,808
4294967294,805
4294967294,804
4294967294,799
4294967294,795
4294967294,1152
4294967294,794
4294967294,793
4294967294,792
4294967294,790
4294967294,787
4294967294,786
4294967294,785
4294967294,784
4294967294,782
4294967294,780
4294967294,778
4294967294,777
4294967294,775
4294967294,773
4294967294,771
4294967294,657
4294967294,770
4294967294,768
4294967294,767
4294967294,764
4294967294,761
4294967294,0
4294967294,760
4294967294,758
4294967294,757
4294967294,756
4294967294,755
4294967294,754
4294967294,752
4294967294,751
4294967294,925
4294967294,750
4294967294,749
4294967294,186
4294967294,748
4294967294,747
4294967294,744
4294967294,742
4294967294,740
4294967294,738
4294967294,737
4294967294,736
4294967294,735
4294967294,734
4294967294,733
4294967294,731
4294967294,730
4294967294,727
4294967294,458
4294967294,724
4294967294,723
4294967294,722
4294967294,721
4294967294,720
4294967294,719
4294967294,718
4294967294,716
4294967294,715
4294967294,714
4294967294,713
4294967294,710
4294967294,647
4294967294,707
4294967294,706
4294967294,705
4294967294,1153
4294967294,639
4294967294,637
4294967294,632
4294967294,649
4294967294,629
4294967294,628
4294967294,627
4294967294,625
4294967294,624
4294967294,623
4294967294,622
4294967294,621
4294967294,618
4294967294,616
4294967294,613
4294967294,612
4294967294,610
4294967294,607
4294967294,605
4294967294,643
4294967294,602
4294967294,600
4294967294,598
4294967294,451
4294967294,595
4294967294,663
4294967294,590
4294967294,589
4294967294,587
4294967294,586
4294967294,584
4294967294,581
4294967294,580
4294967294,577
4294967294,576
4294967294,573
4294967294,572
4294967294,1591
4294967294,570
4294967294,564
4294967294,562
4294967294,641
4294967294,560
4294967294,670
4294967294,558
4294967294,556
4294967294,551
4294967294,656
4294967294,549
4294967294,655
4294967294,547
1,3
1,0
4294967294,646
4294967294,648
4294967294,546
4294967294,668
4294967294,545
4294967294,544
4294967294,543
4294967294,666
4294967294,542
4294967294,662
4294967294,653
4294967294,645
4294967294,665
4294967294,640
4294967294,541
4294967294,654
4294967294,814
4294967294,642
4294967294,70
4294967294,660
4294967294,72
4294967294,811
4294967294,651
4294967294,71
4294967278,273
4294967278,534
4294967279,291
4294967279,281
4294967278,532
4294967278,528
4294967279,331
4294967294,911
4294967294,1358
4294967294,1356
4294967294,131
4294967294,1403
4294967294,496
4294967294,1348
4294967294,420
4294967294,1361
4294967294,516
4294967294,1351
4294967294,494
4294967294,493
4294967294,441
4294967294,390
4294967294,522
4294967294,1381
4294967294,1401
4294967294,1406
4294967294,540
4294967294,1395
4294967294,1575
4294967294,1407
4294967294,1400
4294967294,1399
4294967294,1359
4294967294,1398
4294967294,455
4294967294,446
4294967294,1376
4294967294,515
4294967294,1378
4294967294,1371
4294967294,1380
4294967294,1388
4294967294,1391
4294967294,956
4294967294,454
4294967294,444
4294967294,1387
4294967294,539
4294967294,1373
4294967294,434
4294967294,453
4294967294,538
4294967294,432
4294967294,1492
4294967294,1491
4294967294,1490
4294967294,1489
4294967294,1488
4294967294,1486
4294967294,1487
4294967294,1485
4294967294,1484
4294967294,1483
4294967294,1482
4294967294,1481
4294967294,1480
4294967294,1479
4294967294,1478
4294967294,1477
4294967294,1476
4294967294,1475
4294967294,1474
4294967294,1473
